映幻日环
1,1,1,2,3,1
2,1,1,3,2,1
3,1,3,1,5,7
4,1,3,1,6,3
5,1,3,5,1,7
6,1,3,6,1,3
53,7,3,1,5,8
54,7,3,1,6,4
55,7,3,5,1,8
56,7,3,6,1,4

映日
7,2,1
8,2,1,2,1
9,2,1,2,1,2,1
15,2,3,1,2,1,6
18,2,3,1,5,8,6
19,2,3,1,6
21,2,3,1,6,3,6
25,2,3,5,1,8,6
30,2,3,5,8,1,6
32,2,3,6,1,3,6
34,2,3,6,3,1,6

幻日环
10,2,1,2,1,3,2
11,2,1,2,3,1,2
12,2,1,3,2
13,2,1,3,2,1,2
14,2,3
16,2,3,1,2,5,7
17,2,3,1,5,2,7
20,2,3,1,6,2,3
22,2,3,4,5
23,2,3,4,5,7,3
24,2,3,5,1,2,7
26,2,3,5,6,7,3
27,2,3,5,7
28,2,3,5,7,3,5
29,2,3,5,7,8,3
31,2,3,5,8,5,7
33,2,3,6,3
35,2,3,6,3,5,7
36,2,3,6,3,6,3
37,2,3,6,4,8,5
46,5,3,5,7,4,7
58,8,3,1,2,6,4
60,8,3,1,5,2,8
61,8,3,1,6,2,4
62,8,3,4,5,7,4
63,8,3,5,1,2,8
65,8,3,5,7,3,6
66,8,3,5,8
67,8,3,5,8,6,4
68,8,3,6,4
69,8,3,6,4,3,8
70,8,3,6,4,8,6
81,11,3,5,7,4,8
84,12,3,5,8,5
85,12,3,6,3,5

映环地平弧
88,13,3,1,2
89,13,3,1,2,1,2

环地平弧
92,14,3,1
93,14,3,1,2,1

映120幻日
38,3,3,1,5,7,4
39,3,3,1,6,4,8
40,3,3,5,1,7,4
41,3,3,5,7,1,4
42,3,3,6,1,4,8
43,3,3,6,4,1,8

120幻日
44,4,3,5,7,4
45,4,3,6,4,8

原路前进
47,6,1,2
48,6,1,2,1,2
49,6,3,1,2,6
50,6,3,5,8,6
51,6,3,6
52,6,3,6,3,6

映22幻日
59,8,3,1,5
57,8,3,1,2,1,5
64,8,3,5,1,8,5

映142幻日(环)
71,9,3,1,5,6,7
73,9,3,4,1,5,7
74,9,3,4,5,1,7
75,9,3,5,1,6,7

映98幻日
72,9,3,1,5,7,3
76,9,3,5,1,7,3
77,9,3,5,7,1,3

142幻日(环)
78,10,3,4,5,7
79,10,3,5,6,7

98幻日
80,10,3,5,7,3

22幻日
82,12,3,1,2,5
83,12,3,5

映环天顶弧
86,13,1,2,1,2,3
87,13,1,2,3

环天顶弧
90,14,1,2,1,3
91,14,1,3
